<tf.Variable 'dense/kernel:0' shape=(784, 128) dtype=float32, numpy=
array([[ 0.02238362,  0.00666106, -0.01781231, ..., -0.05449417,
        -0.03732835, -0.0206439 ],
       [ 0.01715011,  0.03423803, -0.04354858, ...,  0.07759584,
        -0.05792836, -0.00424916],
       [-0.06776571, -0.05186774, -0.00249425, ...,  0.05012358,
        -0.05336294,  0.04048746],
       ...,
       [-0.04060384,  0.06746472,  0.04319172, ...,  0.01525649,
         0.05782933,  0.0295887 ],
       [-0.01630008,  0.00316993, -0.02986654, ..., -0.05354321,
        -0.00393018,  0.06019386],
       [ 0.05291895, -0.03562111, -0.01544906, ..., -0.05885043,
         0.01503064,  0.04647832]], dtype=float32)>

<tf.Variable 'dense/bias:0' shape=(128,) dtype=float32, numpy=
array([-0.11299796, -0.65785086, -0.57583827, -0.3178011 , -0.21300188,
       -0.47844166, -0.00770192,  0.18243985, -0.2576112 , -0.15568449,
       -0.09903169, -0.2668632 , -0.5420678 ,  0.02125327,  0.20385234,
       -0.19741245, -0.39593753, -0.31225893, -0.13876638, -0.12378938,
       -0.4808497 ,  0.10803901,  0.10959009, -0.10742842, -0.13770206,
        0.07083387, -0.07125454,  0.37490815,  0.06449724,  0.05753498,
       -0.2953859 , -0.26183203, -0.4212287 , -0.06440061,  0.23054938,
        0.16237003, -0.2992787 ,  0.1644134 ,  0.1691941 , -0.24040826,
        0.28148153, -0.4019622 , -0.29607695, -0.17098214, -0.23959957,
       -0.49035224,  0.15990606, -0.18755239, -0.6868864 , -0.07007723,
       -0.35479194, -0.20837477, -0.17924096,  0.09873378, -0.30239546,
       -0.09885611, -0.572742  , -0.10881799, -0.26108798, -0.32392806,
       -0.00332056,  0.18418291,  0.14106686, -0.33417797, -0.01874614,
       -0.0949318 , -0.19302031,  0.05104039,  0.05053405, -0.11092211,
       -0.02959082,  0.2091329 , -0.31891993, -0.2277348 ,  0.06993785,
       -0.4989837 , -0.56085545, -0.10405219, -0.49121538, -0.4407311 ,
        0.08568908,  0.20685689, -0.35908777, -0.17191182, -0.26902246,
       -0.3189046 , -0.00550568, -0.5397274 ,  0.06214508, -0.4427205 ,
       -0.16059196, -0.30847126, -0.40576112, -0.13288553, -0.51183146,
       -0.41683668,  0.14520034, -0.31942183,  0.02740058, -0.20102178,
        0.2586191 ,  0.26716468,  0.19599639,  0.0391379 , -0.39984825,
       -0.3961172 , -0.23657988, -0.406572  ,  0.06584245, -0.17994936,
       -0.3330408 , -0.34889054, -0.28023568,  0.20606765,  0.01729225,
       -0.30000448, -0.65678453, -0.32506746, -0.98660344,  0.0816439 ,
       -0.33466747,  0.23776163,  0.06472786, -0.6821324 , -0.23744197,
       -0.11277101,  0.4218861 , -0.6732205 ], dtype=float32)>

<tf.Variable 'dense_1/kernel:0' shape=(128, 128) dtype=float32, numpy=
array([[ 0.11336522,  0.09260244, -0.21764567, ...,  0.05555731,
         0.02577657, -0.12217786],
       [ 0.04937026,  0.09630591, -0.45381534, ...,  0.14021581,
        -0.22846402,  0.07928057],
       [-0.07507821,  0.04393439,  0.00421425, ...,  0.08246525,
        -0.07569683,  0.20839554],
       ...,
       [ 0.00771505, -0.27478692, -0.39116243, ..., -0.42848527,
         0.09752231, -1.0593319 ],
       [ 0.07033032, -0.08217593, -0.1975858 , ..., -0.7340249 ,
         0.47522882, -0.15813883],
       [-0.00767818, -0.5246636 ,  0.21486926, ..., -0.01985083,
        -0.1858863 ,  0.13494773]], dtype=float32)>

<tf.Variable 'dense_1/bias:0' shape=(128,) dtype=float32, numpy=
array([-0.12114935, -0.53492403, -0.14179592,  0.27877375, -0.5139757 ,
       -0.08760864, -0.76558715, -0.37093908, -0.46627715, -0.07010327,
        0.03379222, -0.32053107,  0.08621218, -0.11737392, -0.32960567,
        0.6991184 ,  0.1902911 ,  0.26300693,  0.23017743, -0.21813554,
       -0.26945093, -0.40874964, -0.0523586 ,  0.20692661, -0.21809144,
        0.44003493, -0.28719354, -0.12364324,  0.20513597,  0.6079086 ,
        0.1152782 ,  0.40112832,  0.6054333 ,  0.14699411,  0.0134791 ,
        0.39603367, -0.01521621, -0.10075394, -0.24715944, -0.24323231,
        0.04696016,  0.18209852, -0.31196308,  0.41826314, -0.45568258,
       -0.2705466 ,  0.09216399, -0.25258803,  0.39692977,  0.22940129,
        0.06540447,  0.6325804 , -0.45701867, -0.5090611 ,  0.16644682,
        0.13054022, -0.32754475,  0.14422464, -0.30240533,  0.10559475,
        0.0809351 , -0.3178079 ,  0.12084956,  0.29412442,  0.06237492,
        0.2533271 , -0.3785408 ,  0.15869167,  0.04934417, -0.05349337,
       -0.20654927, -0.5228412 , -0.0394645 , -0.0859137 , -0.16576272,
        0.35573772, -0.3644671 ,  0.5460893 ,  0.4701837 , -0.42694682,
       -0.1827292 ,  0.16204405, -0.1896282 ,  0.30451208,  0.5518109 ,
        0.08114874,  0.37331057,  0.32152513, -0.19303665,  0.5564213 ,
       -0.60372436, -0.3906934 ,  0.16870712,  0.35648033,  0.16358341,
        0.683871  , -0.14468314,  0.4565211 ,  0.12555028, -0.4152331 ,
        0.04381457,  0.13806738, -0.19443016,  0.24351217,  0.4608373 ,
        0.54688406, -0.7003077 , -0.02337437,  0.24332872,  0.2113111 ,
       -0.3690143 ,  0.17208165,  0.23070495,  0.58727944,  0.03334019,
       -0.35631877,  0.13197318,  0.08013201, -0.0788754 ,  0.32254165,
       -0.04479812, -0.03837661,  0.27201676,  0.10261168, -0.30979678,
        0.43054447, -0.20701526,  0.0965231 ], dtype=float32)>

<tf.Variable 'dense_2/kernel:0' shape=(128, 10) dtype=float32, numpy=
array([[ 0.19036353, -0.38647354,  0.16440722, ...,  0.12458026,
         0.10661542,  0.01201885],
       [ 0.1093911 , -0.24276432,  0.3253936 , ..., -0.18556091,
        -0.0533896 , -0.2611131 ],
       [-0.25998992,  0.19395897,  0.05053115, ...,  0.15161906,
        -0.29810807, -0.05829001],
       ...,
       [ 0.06010877, -0.5211141 , -0.25899962, ..., -0.6940327 ,
         0.26090416,  0.20757888],
       [ 0.1823828 , -0.3780638 ,  0.21464902, ...,  0.30993128,
        -0.48354036, -0.29049775],
       [-0.50498575, -0.12813386, -0.11580528, ...,  0.34028992,
        -0.19762072,  0.32655278]], dtype=float32)>

<tf.Variable 'dense_2/bias:0' shape=(10,) dtype=float32, numpy=
array([ 0.34239563,  0.2374287 , -0.35554534, -0.37721446, -0.08556452,
       -0.3472641 , -0.00113167, -0.6978098 ,  0.9700744 ,  0.22890246],
      dtype=float32)>
